003906
003907
003908
003909
003912
003913
003914
003915
003916
003918
003919
003921
003922
003923
003924
003925
003926
003927
003928
003929
003931
003932
003933
003934
003935
003936
003937
003940
003941
003942
003943
003944
003945
003946
003947
003948
003949
003950
003951
003952
003953
003954
003955
003956
003957
003958
003959
003962
003964
003966
003967
003968
003969
003970
003971
003973
003974
003976
003979
003980
003981
003982
003983
003985
003986
003987
003988
003989
003991
003993
003996
003997
003999
004001
004004
004008
004012
004015
004016
004017
004018
004019
004021
004023
004024
004026
004029
004030
004035
004037
004038
004041
004042
004044
004045
004046
004048
004050
004051
004053
004054
004056
004057
004059
004060
004061
004062
004063
004064
004065
004066
004067
004069
004072
004074
004075
004076
004077
004078
004079
004080
004082
004084
004085
004087
004088
004089
004090
004092
004095
004096
004097
004099
004100
004101
004102
004103
004105
004107
004108
004109
004115
004116
004117
004118
004121
004123
004124
004126
004130
004132
004136
004137
004138
004140
004141
004143
004144
004146
004147
004148
004149
004150
004152
004153
004155
004156
004158
004159
004160
004162
004163
004164
004165
004166
004167
004168
004172
004175
004177
004178
004179
004181
004183
004184
004188
004190
004191
004192
004193
004194
004195
004198
004199
004200
004202
004203
004204
004205
004206
004207
004208
004209
004210
004211
004212
004213
004215
004216
004217
004218
004220
004222
004223
004225
004226
004227
004228
004229
004230
004231
004232
004233
004234
004236
004237
004238
004240
004241
004243
004244
004245
004246
004247
004248
004251
004252
004253
004254
004255
004257
004258
004260
004262
004268
004270
004271
004272
004273
004274
004276
004278
004279
004280
004281
004282
004285
004286
004287
004288
004289
004292
004293
004294
004295
004297
004298
004300
004302
004303
004304
004308
004311
004313
004314
004315
004316
004317
004318
004321
004324
004327
004328
004329
004330
004331
004332
004333
004334
004335
004339
004344
004345
004348
004350
004351
004352
004353
004354
004355
004356
004357
004359
004360
004362
004363
004364
004365
004368
004370
004371
004373
004375
004377
004378
004379
004380
004383
004385
004386
004387
004388
004389
004390
004391
004392
004393
004394
004395
004397
004398
004401
004402
004404
004405
004406
004409
004410
004411
004412
004413
004414
004415
004418
004419
004421
004423
004427
004431
004432
004433
004436
004437
004438
004440
004441
004446
004447
004449
004450
004451
004453
004454
004456
004457
004458
004459
004460
004461
004462
004463
004464
004466
004467
004469
004470
004471
004472
004473
004475
004476
004478
004481
004483
004484
004485
004487
004488
004489
004490
004491
004494
004495
004496
004497
004498
004500
004501
004504
004505
003598
003599
003237
003827
003612
003832
002760
003596
003154
003025
002752
003117
003009
003188
003570
002824
003623
003848
003103
002929
003109
003881
003605
003010
003278
003239
003270
003316
002946
003687
003362
003777
003778
003112
002940
003679
003139
003543
002913
002812
003703
002967
003711
002781
003126
003708
003769
003627
003379
003031
003696
003724
002926
003603
003323
003159
003610
003330
003349
002933
003890
002924
003017
003845
003101
002912
003030
002748
003280
003736
002817
002832
003883
002931
003026
003142
003022
003820
003232
002814
003738
002830
003892
002758
003676
003833
002843
003174
002950
003197
003215
002834
003770
002941
003335
003684
002815
003713
003044
003857
002881
003234
003828
002838
003235
003674
003779
003000
002811
003611
003841
003175
003692
002936
003098
003222
003707
002978
003795
003606
003207
003688
002883
003444
003868
003129
003855
003400
003673
003803
003608
003184
003879
003558
002869
003084
003705
002828
002740
003540
003701
003586
003789
003740
003003
003712
003633
003720
003241
002955
003043
003332
003683
003225
003878
003839
003830
003874
003641
003180
002987
003811
003869
003838
002876
003380
003550
003569
003846
002757
003819
003620
003899
003551
003313
003622
003889
003309
003116
002973
003125
003818
003302
003671
003307
003580
003164
003150
003166
003275
003545
003186
002945
003745
003170
002979
002995
003589
002874
002754
003680
002768
003574
003348
003120
002783
002765
002750
003880
002837
002975
003817
003024
003322
003810
003153
003678
003689
002990
003315
003411
002968
002873
003771
002746
003216
003843
003794
003160
003118
002930
003236
003028
003001
003230
003781
002925
003334
003182
002840
003227
003579
002844
003709
003722
003219
003106
003271
003816
002871
003346
003012
003877
002944
003885
003358
002938
003143
003618
003034
003007
003747
003289
003328
003352
003704
003587
002917
003224
003105
003614
003796
003597
003198
003345
003162
002983
003842
003672
002927
003837
003699
003888
003045
003616
003445
002918
003340
003238
003721
002829
003780
003822
003840
003240
003595
003861
003013
002819
003342
003773
003181
003824
003624
003202
003333
003802
003697
003698
002877
003867
003110
003715
002872
002816
003691
003851
003601
003886
003326
003505
003685
002914
003113
002911
003291
002982
002878
003782
003325
003643
003700
003783
003858
003424
003847
003011
003036
003814
003344
003035
003581
003221
002831
002875
002820
003566
002775
003884
003336
002739
003717
003582
003314
003825
002753
003775
003006
003167
003792
003085
003214
003716
003350
003276
003815
003165
003891
003718
003365
002818
002842
003122
002827
002921
003303
003242
003308
003443
003746
003228
003804
003790
002943
002866
003193
003104
003086
003677
002965
002826
003111
003354
003100
003675
002937
003602
003621
003229
003179
001971
001977
001978
001979
001982
001983
001985
001989
001991
001992
001993
001995
001996
001997
001998
001999
002000
002004
002006
002007
002010
002012
002015
002016
002018
002019
002022
002023
002026
002027
002028
002030
002031
002032
002033
002034
002039
002041
002043
002046
002047
002049
002051
002052
002053
002055
002056
002057
002058
002059
002060
002061
002064
002065
002066
002067
002069
002073
002074
002075
002077
002078
002082
002083
002084
002085
002086
002087
002088
002089
002090
002092
002093
002095
002096
002098
002102
002103
002104
002106
002107
002108
002110
002112
002114
002115
002116
002117
002118
002119
002121
002122
002123
002124
002125
002126
002129
002131
002132
002133
002134
002137
002138
002140
002141
002143
002145
002146
002147
002149
002150
002152
002154
002156
002157
002158
002159
002160
002161
002163
002164
002166
002170
002171
002174
002178
002179
002180
002182
002185
002187
002190
002191
002192
002193
002195
002196
002197
002198
002199
002200
002201
002202
002203
002204
002205
002206
002209
002210
002211
002212
002213
002214
002216
002217
002218
002219
002224
002226
002228
002230
002233
002235
002236
002237
002241
002243
002244
002246
002247
002248
002249
002251
002252
002253
002254
002255
002256
002257
002260
002261
002262
002265
002268
002270
002273
002277
002279
002280
002281
002282
002284
002285
002287
002289
002290
002291
002293
002295
002296
002298
002299
002300
002303
002304
002307
002309
002311
002312
002313
002317
002322
002323
002324
002326
002327
002329
002330
002334
002335
002336
002338
002339
002340
002342
002344
002345
002347
002348
002349
002350
002353
002354
002355
002357
002358
002360
002362
002364
002365
002367
002368
002369
002370
002371
002372
002374
002375
002376
002377
002381
002382
002383
002384
002385
002386
002388
002389
002392
002393
002395
002397
002398
002400
002401
002402
002404
002405
002406
002407
002408
002409
002410
002411
002416
002417
002419
002420
002422
002423
002424
002427
002428
002429
002430
002431
002432
002433
002434
002435
002436
002437
002439
002440
002441
002442
002443
002445
002447
002449
002452
002453
002454
002459
002460
002461
002464
002465
002467
002471
002473
002474
002477
002480
002485
002487
002489
002491
002492
002493
002494
002495
002496
002497
002498
002499
002500
002501
002502
002505
002506
002507
002508
002509
002513
002514
002516
002519
002522
002523
002526
002527
002528
002531
002532
002533
002534
002535
002537
002538
002540
002542
002543
002544
002545
002546
002549
002550
002551
002552
002553
002556
002557
002558
002559
002560
002561
002562
002563
002564
002565
002567
002568
002569
002571
002574
002575
002576
002579
002580
002581
002582
002586
002588
002589
002590
002591
002592
002594
002595
002596
002597
002598
002599
002600
002601
002602
002603
002604
002605
002606
002608
002609
002611
002613
002614
002615
002617
002619
002621
002622
002623
002624
002626
002627
002629
002630
002631
002632
002633
002635
002636
002637
002638
002639
002641
002642
002643
002644
002646
002647
002648
002649
002650
002651
002652
002653
002655
002656
002657
002658
002659
002660
002661
002662
002665
002667
002668
002670
002671
002672
002673
002674
002676
002678
002680
002681
002682
002685
002687
002689
002690
002693
002695
002696
002697
002699
002700
002701
002702
002703
002705
002706
002707
002708
002709
002710
002711
002712
002713
002714
002715
002717
002718
002719
002720
002722
002723
002725
002726
002728
002730
002731
002732
002734
002735
001680
001682
001683
001689
001693
001695
001696
001700
001704
001705
001707
001711
001715
001719
001722
001724
001725
001728
001732
001734
001735
001736
001740
001742
001743
001748
001752
001757
001758
001759
001764
001765
001766
001771
001772
001773
001774
001781
001784
001787
001790
001793
001801
001803
001804
001807
001810
001814
001819
001821
001830
001833
001837
001843
001844
001849
001850
001854
001855
001866
001869
001871
001872
001876
001878
001888
001889
001892
001895
001896
001897
001898
001900
001902
001903
001908
001909
001911
001915
001917
001919
001920
001944
001949
001951
001959
001961
001964
001965
001969
001970
001972
001973
001974
001975
001976
001980
001981
001984
001986
001987
001988
001990
001994
002001
002002
002003
002005
002008
002009
002011
002013
002014
002017
002020
002021
002024
002025
002029
002035
002036
002037
002038
002040
002042
002044
002045
002048
002050
002054
002062
002063
002068
002070
002071
002072
002076
002079
002080
002081
002091
002094
002097
002099
002100
002101
002105
002109
002111
002113
002120
002127
002128
002130
002135
002136
002139
002142
002144
002148
002151
002153
002155
002162
002165
002167
002168
002169
002172
002173
002175
002176
002177
002181
002183
002184
002186
002188
002189
002194
002207
002208
002215
002220
002221
002222
002223
002225
002227
002229
002231
002232
002234
002238
002239
002240
002242
002245
002250
002258
002259
002263
002264
002266
002267
002269
002271
002272
002274
002275
002276
002278
002283
002286
002288
002292
002294
002297
002301
002302
002305
002306
002308
002310
002314
002315
002316
002318
002319
002320
002321
002325
002328
002331
002332
002333
002337
002341
002343
002346
002351
002352
002356
002359
002361
002363
002366
002373
002378
002379
002380
002387
002390
002391
002394
002396
002399
002403
002412
002413
002414
002415
002418
002421
002425
002426
002438
002444
002446
002448
002450
002451
002455
002456
002457
002458
002462
002463
002466
002468
002469
002470
002472
002475
002476
002478
002479
002481
002482
002483
002484
002486
002488
002490
002503
002504
002510
002511
002512
002515
002517
002518
002520
002521
002524
002525
002529
002530
002536
002539
002541
002547
002548
002554
002555
002566
002570
002572
002573
002577
002578
002583
002584
002585
002587
002593
002607
002610
002612
002616
002618
002620
002625
002628
002634
002640
002645
002654
002663
002664
002666
002669
002675
002677
002679
002683
002684
002686
002688
002691
002692
002694
002698
002704
002716
002721
002724
002727
002729
002733
000571
000709
000877
000263
000311
000404
000189
000345
000172
000254
001385
000160
001228
000696
001157
000161
000918
001245
001542
001097
000239
001431
001634
000663
000707
000241
001086
000671
000727
001061
001263
000467
001345
001531
000733
001480
000497
000278
000266
000433
000437
000295
001496
001230
000154
001538
001443
000722
000629
001218
001396
000578
000468
000117
001397
001349
000461
000426
000149
001489
000507
000128
000093
001525
000238
000920
000349
000528
000131
000316
001294
000158
001426
001650
000392
000688
000346
001479
000677
001659
000948
000782
000037
001172
001402
000753
000583
000424
001658
001644
001154
000142
001104
000818
000043
000245
000788
001031
001589
000061
000296
000768
000140
000240
001289
000272
000071
000028
000683
001317
000992
000743
000785
000248
001178
001329
000821
000421
001003
000469
000220
000019
001191
000244
000306
000147
000730
001204
001328
000041
001270
001313
000470
001227
000462
000547
001615
001595
000460
000384
000413
000651
000197
000508
000602
001133
001094
001151
000871
000747
001025
000251
000500
001648
000779
001601
000402
000182
000476
000569
000888
001013
000144
001632
001454
000168
001640
000115
001279
000590
001356
000486
000307
000186
000776
000702
000053
000471
000498
000169
001140
000099
000604
000450
001352
000593
001015
001408
000265
000134
001377
001405
000706
001277
000606
001079
000698
001139
001297
000436
001527
001074
000365
000201
001046
000832
000318
000192
000094
000451
001208
000073
000002
000157
001096
001216
001642
000878
000129
000475
000029
001262
000505
000164
001001
000723
001093
001584
000778
000763
001621
001347
001581
000350
000600
000369
001522
000685
001163
000310
001339
001162
000274
001491
001461
001143
000446
001220
001550
000126
000381
001249
001226
000243
000193
001221
001234
001393
001008
000884
001311
001076
000291
000916
000482
001521
001514
000225
000799
000214
001126
000933
000177
001562
000067
000025
000027
001278
001588
001037
001390
000510
001047
000710
000582
001568
001236
000173
001282
000761
000212
001471
001459
001646
001005
001027
001582
001424
001493
001203
000045
000574
000922
000511
000656
000711
001447
000447
000982
000520
000385
001113
000217
000351
001073
000624
000042
001181
001066
000198
001250
000262
000054
000110
000509
000901
000652
001451
001288
001000
000253
000008
000407
001010
000086
001638
001490
000410
001117
000270
000713
001614
000024
001348
000929
000589
000051
000448
000741
000524
000256
000780
000790
000151
001077
000565
000689
000167
000425
001166
000087
000417
000003
001593
000662
001499
000342
000670
001498
000540
000279
000088
000139
000607
000766
000484
000615
000561
000343
001418
001392
000434
001252
001138
001482
000917
001012
001436
000679
001240
000286
000754
000317
000438
001552
000619
000684
001078
001281
001340
000415
001664
000989
000984
001183
001633
000057
000089
001656
000013
000143
000563
000275
001395
001598
000875
001419
001130
000068
001043
001256
000588
000020
001264
000290
000408
001452
001509
001146
001019
000703
000268
000357
001246
000069
000494
001316
001577
000179
001116
000669
000165
000070
001295
000608
000559
000681
000466
000422
000627
000406
001647
000145
000873
000673
000382
001071
000405
001261
000390
001516
000288
000319
001423
001276
000420
001011
001055
000375
001341
000647
000200
000701
001543
000947
001150
000228
000184
000416
000359
000440
000581
000429
000223
001551
000014
000333
000000
001411
001573
001470
000439
001627
001326
000502
000269
000032
001053
000084
000374
001613
001137
000545
000121
000401
001141
001064
000798
001331
001488
001176
000283
000255
001038
000907
001463
001323
000292
001600
001575
000101
001506
001320
000261
000445
001269
001510
001312
000959
000430
001161
001596
000155
000175
001427
000125
000742
000388
000577
001655
000988
000496
001495
001042
001099
000036
001400
000252
000690
001616
000423
000354
000457
000303
000414
001376
001082
000610
001338
000264
001652
000609
001039
001114
000362
000418
000636
001067
000674
001127
000315
001034
001215
001645
000236
000006
000771
000774
000079
000293
000023
000327
000259
001259
001160
001023
000806
001267
000077
000221
000031
000371
000477
001122
000903
001101
000490
000767
000598
001346
000052
000247
001570
000044
000680
001030
001665
001599
001446
001535
001462
000654
001517
001549
000919
000314
001520
001332
000567
000372
000752
001314
001100
001102
000396
000996
000235
000950
001258
000492
000049
001504
000080
000905
001344
000409
000389
000910
001253
000618
001085
000515
001120
001248
001232
000765
000525
000613
001587
000666
000393
000724
000085
001145
000794
001327
000148
000611
000181
001222
000120
000504
000539
001439
000353
000801
000064
000394
000323
000740
000506
000355
000995
000940
000271
001612
000156
001040
000287
000612
000428
000304
000118
000564
000800
000638
001579
000340
000111
001417
001325
001048
000472
001084
000380
001619
001350
000210
001626
000332
001324
000699
001238
001144
001280
001007
000459
001090
000090
000645
000109
001265
001591
000831
000435
000650
000113
001257
000171
000281
001649
000675
000542
001580
000748
001428
001148
000022
000152
000302
000081
000183
000481
000599
000546
001251
001068
000516
000329
000320
001041
000522
000339
000133
001083
000960
000921
001410
001125
001578
001564
001515
001559
001336
001272
000512
000046
000514
001399
001387
000188
001180
000784
001343
000233
001129
001290
000452
000050
000640
000246
000458
000885
000033
001119
001072
001457
000796
001020
000526
000114
000649
001136
000137
000103
000949
001128
000659
000797
001268
000366
000347
001118
000717
000213
001225
001147
000202
001103
000483
000726
000060
000668
001342
000091
000523
000833
000395
001217
000136
000634
000058
000441
000322
000479
000159
000772
001585
001473
001168
000557
001296
000915
000191
000215
000770
000038
000398
001006
001610
001134
000633
000335
001413
001304
001292
001628
000427
000503
000066
001602
000124
001002
001106
000936
000373
000227
001124
001109
000034
001518
000775
000216
000591
000672
000889
000174
000207
001159
000932
000218
001242
000222
000641
000660
000718
001523
000977
000700
000196
001131
001429
000911
001363
000729
000586
001319
001357
000063
001511
001164
000927
000348
000367
000062
000592
001075
000658
001444
001440
000719
001412
000499
001629
000695
000170
000312
000896
000273
000162
001033
000150
000682
000456
000208
000914
001254
000047
001657
000715
000464
000836
000830
000793
000083
000970
000893
001534
001091
000326
000297
001651
000280
001494
000226
000527
001478
000097
001416
000605
001080
000011
001407
001036
001199
001300
001475
000935
001492
001512
001088
000585
000444
001247
000363
001597
000463
001555
000983
000734
001406
000035
001505
000786
001200
001110
000298
001050
000187
000473
001569
000199
001049
001310
001566
001283
001016
000909
001592
000859
000892
000376
000082
001484
000190
001062
001576
000495
001370
001572
001058
000626
000224
001586
000978
001558
000902
000132
001175
000804
000276
001441
001507
001430
000344
000195
001435
001425
001530
000899
001142
000981
001173
000648
000894
000135
000708
001275
000783
000309
000791
001301
000203
001468
001519
001513
001123
001532
000732
000720
000123
000397
000562
001401
000325
000267
000108
000383
001108
001241
001189
000360
001089
000728
001497
001107
000835
000018
001155
000100
000153
000568
000953
000678
000621
001149
000185
000802
001284
000631
000792
001608
001152
000399
001293
000237
000301
000789
000098
000370
001188
000040
000990
000001
000289
001063
000628
000127
000336
000010
001563
000518
000076
000721
000048
000485
000017
000294
001243
001603
000072
000955
000876
000635
001365
001409
001442
001054
000211
000686
001065
000731
000570
000513
001315
001298
001508
000519
000106
000655
001450
000112
000487
000442
000012
000555
000021
001404
000095
001635
001422
000904
000104
000330
000234
001098
000630
000419
001583
001421
000716
001081
000105
001179
001503
000107
000341
001445
001044
000352
000285
000130
009200
009201
009202
009203
009204
009205
009206
009207
009208
009209
009210
009211
009212
009213
009214
009215
009216
009217
009218
009219
009220
009221
009222
009223
009224
009225
009226
009227
009228
009229
009230
009231
009232
009233
009234
009235
009236
009237
009238
009239
009240
009241
009242
009243
009244
009245
009246
009247
009248
009249
009250
009251
009252
009253
009254
009255
009256
009257
009258
009259
009260
009261
009262
009263
009264
009265
009266
009267
009268
009269
009270
009271
009272
009273
009274
009275
009276
009277
009278
009279
009280
009281
009282
009283
009284
009285
009286
009287
009288
009289
009290
009291
009292
009293
009294
009295
009296
009297
009298
009299
009300
009301
009302
009303
009304
009305
009306
009307
009308
009309
009310
009311
009312
009313
009314
009315
009316
009317
009318
009319
009320
009321
009322
009323
009324
009325
009326
009327
009328
009329
009330
009331
009332
009333
009334
009335
009336
009337
009338
009339
009340
009341
009342
009343
009344
009345
009346
009347
009348
009349
009350
009351
009352
009353
009354
009355
009356
009357
009358
009359
009360
009361
009362
009363
009364
009365
009366
009367
009368
009369
009370
009371
009372
009373
009374
009375
009376
009377
009378
009379
009380
009381
009382
009383
009384
009385
009386
009387
009388
009389
009390
009391
009392
009393
009394
009395
009396
009397
009398
009399
009400
009401
009402
009403
009404
009405
009406
009407
009408
009409
009410
009411
009412
009413
009414
009415
009416
009417
009418
009419
009420
009421
009422
009423
009424
009425
009426
009427
009428
009429
009430
009431
009432
009433
009434
009435
009436
009437
009438
009439
009440
009441
009442
009443
009444
009445
009446
009447
009448
009449
009450
009451
009452
009453
009454
009455
009456
009457
009458
009459
009460
009461
009462
009463
009464
009465
009466
009467
009468
009469
009470
009471
009472
009473
009474
009475
009476
009477
009478
009479
009480
009481
009482
009483
009484
009485
009486
009487
009488
009489
009490
009491
009492
009493
009494
009495
009496
009497
009498
009499
009500
009501
009502
009503
009504
009505
009506
009507
009508
009509
009510
009511
009512
009513
009514
009515
009516
009517
009518
009519
009520
009521
009522
009523
009524
009525
009526
009527
009528
009529
009530
009531
009532
009533
009534
009535
009536
009537
009538
009539
009540
009541
009542
009543
009544
009545
009546
009547
009548
009549
009550
009551
009552
009553
009554
009555
009556
009557
009558
009559
009560
009561
009562
009563
009564
009565
009566
009567
009568
009569
009570
009571
009572
009573
009574
009575
009576
009577
009578
009579
009580
009581
009582
009583
009584
009585
009586
009587
009588
009589
009590
009591
009592
009593
009594
009595
009596
009597
009598
009599
009600
009601
009602
009603
009604
009605
009606
009607
009608
009609
009610
009611
007200
007201
007202
007203
007204
007205
007206
007207
007208
007209
007210
007211
007212
007213
007214
007215
007216
007217
007218
007219
007220
007221
007222
007223
007224
007225
007226
007227
007228
007229
007230
007231
007232
007233
007234
007235
007236
007237
007238
007239
007240
007241
007242
007243
007244
007245
007246
007247
007248
007249
007250
007251
007252
007253
007254
007255
007256
007257
007258
007259
007260
007261
007262
007263
007264
007265
007266
007267
007268
007269
007270
007271
007272
007273
007274
007275
007276
007277
007278
007279
007280
007281
007282
007283
007284
007285
007286
007287
007288
007289
007290
007291
007292
007293
007294
007295
007296
007297
007298
007299
007300
007301
007302
007303
007304
007305
007306
007307
007308
007309
007310
007311
007312
007313
007314
007315
007316
007317
007318
007319
007320
007321
007322
007323
007324
007325
007326
007327
007328
007329
007330
007331
007332
007333
007334
007335
007336
007337
007338
007339
007340
007341
007342
007343
007344
007345
007346
007347
007348
007349
007350
007351
007352
007353
007354
007355
007356
007357
007358
007359
007360
007361
007362
007363
007364
007365
007366
007367
007368
007369
007370
007371
007372
007373
007374
007375
007376
007377
007378
007379
007380
007381
007382
007383
007384
007385
007386
007387
007388
007389
007390
007391
007392
007393
007394
007395
007396
007397
007398
007399
007400
007401
007402
007403
007404
007405
007406
007407
007408
007409
007410
007411
007412
007413
007414
007415
007416
007417
007418
007419
007420
007421
007422
007423
007424
007425
007426
007427
007428
007429
007430
007431
007432
007433
007434
007435
007436
007437
007438
007439
007440
007441
007442
007443
007444
007445
007446
007447
007448
007449
007450
007451
007452
007453
007454
007455
007456
007457
007458
007459
007460
007461
007462
007463
007464
007465
007466
007467
007468
007469
007470
007471
007472
007473
007474
007475
007476
007477
007478
007479
007480
007481
007482
007483
007484
007485
007486
007487
007488
007489
007490
007491
007492
007493
007494
007495
007496
007497
007498
007499
007500
007501
007502
007503
007504
007505
007506
007507
007508
007509
007510
007511
007512
007513
007514
007515
007516
007517
007518
007519
007520
007521
007522
007523
007524
007525
007526
007527
007528
007529
007530
007531
007532
007533
007534
007535
007536
007537
007538
007539
007540
007541
007542
007543
007544
007545
007546
007547
007548
007549
007550
007551
007552
007553
007554
007555
007556
007557
007558
007559
007560
007561
007562
007563
007564
007565
007566
007567
007568
007569
007570
007571
007572
007573
007574
007575
007576
007577
007578
007579
007580
007581
007582
007583
007584
007585
007586
007587
007588
007589
007590
007591
007592
007593
007594
007595
007596
007597
007598
007599
007600
007601
007602
007603
007604
007605
007606
007607
007608
007609
007610
007611
007612
007613
007614
007615
007616
007617
007618
007619
007620
007621
007622
007623
007624
007625
007626
007627
007628
007629
007630
007631
007632
007633
007634
007635
007636
007637
007638
007639
007640
007641
007642
007643
007644
007645
007646
007647
007648
007649
007650
007651
007652
007653
007654
007655
007656
007657
007658
007659
007660
007661
007662
007663
007664
007665
007666
007667
007668
007669
007670
005200
005201
005202
005203
005204
005205
005206
005207
005208
005209
005210
005211
005212
005213
005214
005215
005216
005217
005218
005219
005220
005221
005222
005223
005224
005225
005226
005227
005228
005229
005230
005231
005232
005233
005234
005235
005236
005237
005238
005239
005240
005241
005242
005243
005244
005245
005246
005247
005248
005249
005250
005251
005252
005253
005254
005255
005256
005257
005258
005259
005260
005261
005262
005263
005264
005265
005266
005267
005268
005269
005270
005271
005272
005273
005274
005275
005276
005277
005278
005279
005280
005281
005282
005283
005284
005285
005286
005287
005288
005289
005290
005291
005292
005293
005294
005295
005296
005297
005298
005299
005300
005301
005302
005303
005304
005305
005306
005307
005308
005309
005310
005311
005312
005313
005314
005315
005316
005317
005318
005319
005320
005321
005322
005323
005324
005325
005326
005327
005328
005329
005330
005331
005332
005333
005334
005335
005336
005337
005338
005339
005340
005341
005342
005343
005344
005345
005346
005347
005348
005349
005350
005351
005352
005353
005354
005355
005356
005357
005358
005359
005360
005361
005362
005363
005364
005365
005366
005367
005368
005369
005370
005371
005372
005373
005374
005375
005376
005377
005378
005379
005380
005381
005382
005383
005384
005385
005386
005387
005388
005389
005390
005391
005392
005393
005394
005395
005396
005397
005398
005399
005400
005401
005402
005403
005404
005405
005406
005407
005408
005409
005410
005411
005412
005413
005414
005415
005416
005417
005418
005419
005420
005421
005422
005423
005424
005425
005426
005427
005428
005429
005430
005431
005432
005433
005434
005435
005436
005437
005438
005439
005440
005441
005442
005443
005444
005445
005446
005447
005448
005449
005450
005451
005452
005453
005454
005455
005456
005457
005458
005459
005460
005461
005462
005463
005464
005465
005466
005467
005468
005469
005470
005471
005472
005473
005474
005475
005476
005477
005478
005479
005480
005481
005482
005483
005484
005485
005486
005487
005488
005489
005490
005491
005492
005493
005494
005495
005496
005497
005498
005499
005500
005501
005502
005503
005504
005505
005506
005507
005508
005509
005510
005511
005512
005513
005514
005515
005516
005517
005518
005519
005520
005521
005522
005523
005524
005525
005526
005527
005528
005529
005530
005531
005532
005533
005534
005535
005536
005537
005538
005539
005540
005541
005542
005543
005544
005545
005546
005547
005548
005549
005550
005551
005552
005553
005554
005555
005556
005557
005558
005559
005560
005561
005562
005563
005564
005565
005566
005567
005568
005569
005570
005571
005572
005573
005574
005575
005576
005577
005578
005579
005580
005581
005582
005583
005584
005585
005586
005587
005588
005589
005590
005591
005592
005593
005594
005595
005596
005597
005598
005599
005600
005601
005602
005603
005604
005605
005606
005607
005608
005609
005610
005611
005612
005613
005614
005615
005616
005617
005618
005619
005620
005621
005622
005623
005624
005625
005626
005627
005628
005629
005630
005631
005632
005633
005634
005635
005636
005637
005638
005639
005640
005641
005642
005643
005644
005645
005646
005647
005648
005649
005650
005651
005652
005653
005654
005655
005656
005657
005658
005659
005660
005661
005662
005663
005664
005665
005666
005667
005668
005669
005670
005671
005672
005673
005674
005675
005676
005677
005678
005679
005680
005681
005682
005683
005684
005685
005686
005687
005688
005689
005690
005691
005692
005693
005694
005695
005696
005697
005698
005699
006200
006201
006202
006203
006204
006205
006206
006207
006208
006209
006210
006211
006212
006213
006214
006215
006216
006217
006218
006219
006220
006221
006222
006223
006224
006225
006226
006227
006228
006229
006230
006231
006232
006233
006234
006235
006236
006237
006238
006239
006240
006241
006242
006243
006244
006245
006246
006247
006248
006249
006250
006251
006252
006253
006254
006255
006256
006257
006258
006259
006260
006261
006262
006263
006264
006265
006266
006267
006268
006269
006270
006271
006272
006273
006274
006275
006276
006277
006278
006279
006280
006281
006282
006283
006284
006285
006286
006287
006288
006289
006290
006291
006292
006293
006294
006295
006296
006297
006298
006299
006300
006301
006302
006303
006304
006305
006306
006307
006308
006309
006310
006311
006312
006313
006314
006315
006316
006317
006318
006319
006320
006321
006322
006323
006324
006325
006326
006327
006328
006329
006330
006331
006332
006333
006334
006335
006336
006337
006338
006339
006340
006341
006342
006343
006344
006345
006346
006347
006348
006349
006350
006351
006352
006353
006354
006355
006356
006357
006358
006359
006360
006361
006362
006363
006364
006365
006366
006367
006368
006369
006370
006371
006372
006373
006374
006375
006376
006377
006378
006379
006380
006381
006382
006383
006384
006385
006386
006387
006388
006389
006390
006391
006392
006393
006394
006395
006396
006397
006398
006399
006400
006401
006402
006403
006404
006405
006406
006407
006408
006409
006410
006411
006412
006413
006414
006415
006416
006417
006418
006419
006420
006421
006422
006423
006424
006425
006426
006427
006428
006429
006430
006431
006432
006433
006434
006435
006436
006437
006438
006439
006440
006441
006442
006443
006444
006445
006446
006447
006448
006449
006450
006451
006452
006453
006454
006455
006456
006457
006458
006459
006460
006461
006462
006463
006464
006465
006466
006467
006468
006469
006470
006471
006472
006473
006474
006475
006476
006477
006478
006479
006480
006481
006482
006483
006484
006485
006486
006487
006488
006489
006490
006491
006492
006493
006494
006495
006496
006497
006498
006499
006500
006501
006502
006503
006504
006505
006506
006507
006508
006509
006510
006511
006512
006513
006514
006515
006516
006517
006518
006519
006520
006521
006522
006523
006524
006525
006526
006527
006528
006529
006530
006531
006532
006533
006534
006535
006536
006537
006538
006539
006540
006541
006542
006543
006544
006545
006546
006547
006548
006549
006550
006551
006552
006553
006554
006555
006556
006557
006558
006559
006560
006561
006562
006563
006564
006565
006566
006567
006568
006569
006570
006571
006572
006573
006574
006575
006576
006577
006578
006579
006580
006581
006582
006583
006584
006585
006586
006587
006588
006589
006590
006591
006592
006593
006594
006595
006596
006597
006598
006599
006600
006601
006602
006603
006604
006605
006606
006607
006608
006609
006610
006611
006612
006613
006614
006615
006616
006617
006618
006619
006620
006621
006622
006623
006624
006625
006626
006627
006628
006629
006630
006631
006632
006633
006634
006635
006636
006637
006638
006639
006640
006641
006642
006643
006644
006645
006646
006647
006648
006649
006650
006651
006652
006653
006654
006655
006656
006657
006658
006659
006660
006661
006662
006663
006664
006665
006666
006667
006668
006669
006670
006671
006672
006673
006674
006675
006676
006677
006678
006679
006680
006681
006682
006683
006684
006685
006686
006687
006688
006689
006690
006691
006692
006693
006694
006695
006696
006697
006698
006699
006700
006701
006702
006703
006704
006705
006706
006707
006708
006709
006710
006711
006712
006713
006714
006715
006716
006717
006718
006719
006720
006721
006722
006723
006724
006725
006726
006727
006728
